-140 0
0
0
0
0
0
0
0
0
0
0
0
0
0
0
0
0
0
0
0
0
0
0
0
0
19 3 1 -140 0
1 0
0
0
0
0
0
0

0
3 0
0
0
0
0
0
0
0
19 0
0
0
0
0
0
0
0
4 3 25 -140 0
25 0
0
0
0
0
0
0
0
3 0
0
0
0
0
0
0

0
4 0
0
0
0
0
0
0
0
19 20 17 -140 0
17 0
0
0
0
0
0
0
0
20 0
0
0
0
0
0
0
0
19 0
0
0
0
0
0
0

0
2 30 22 7 17 -140 0
17 0
0
0
0
0
0
0
0
7 0
0
22 0
0
30 0
0
0
0
2 0
0
0
0
0
0
0
0
19 3 1 -140 0
1 0
0
0
0
0
0

0
0
3 0
0
0
0
0
0
0
0
19 0
0
0
0
0
0
0
0
4 3 25 -140 0
25 0
0
0
0
0
0
0
0
3 0
0
0
0
0
0

0
0
4 0
0
0
0
0
0
0
0
19 20 17 -140 0
17 0
0
0
0
0
0
0
0
20 0
0
0
0
0
0
0
0
19 0
0
0
0
0
0

0
0
2 30 22 7 17 -140 0
17 0
0
0
0
0
0
0
0
7 0
0
22 0
0
30 0
0
0
0
2 0
0
0
0
0
0
0
0
19 3 1 -140 0
1 0
1 0
1 0
0
0

0
0
0
3 0
3 0
3 0
0
0
0
0
0
19 0
19 0
19 0
0
0
0
0
0
4 3 25 -140 0
25 0
25 0
25 0
0
0
0
0
0
3 0
3 0
3 0
0
0

0
0
0
4 0
4 0
4 0
0
0
0
0
0
19 20 17 -140 0
17 0
17 0
17 0
0
0
0
0
0
20 0
20 0
20 0
0
0
0
0
0
19 0
19 0
19 0
0
0

0
0
0
2 30 22 7 17 -140 0
17 0
17 0
17 0
0
0
0
0
0
7 0
0
22 0
0
30 0
0
0
0
2 0
2 0
2 0
0
0
0
0
0
19 3 1 -140 0
1 0
1 0
1 0
0

0
0
0
0
3 0
3 0
3 0
0
0
0
0
0
19 0
19 0
19 0
0
0
0
0
0
4 3 25 -140 0
25 0
25 0
25 0
0
0
0
0
0
3 0
3 0
3 0
0

0
0
0
0
4 0
4 0
4 0
0
0
0
0
0
19 20 17 -140 0
17 0
17 0
17 0
0
0
0
0
0
20 0
20 0
20 0
0
0
0
0
0
19 0
19 0
19 0
0

0
0
0
0
2 30 22 7 17 -140 0
17 0
17 0
17 0
0
0
0
0
0
7 0
0
22 0
0
30 0
0
0
0
2 0
2 0
2 0
0
0
0
0
0
19 3 7 1 -140 0
1 0
1 0
1 0

0
7 0
0
0
0
3 0
3 0
3 0
7 0
7 0
0
0
0
19 0
19 0
19 0
7 0
7 0
0
0
0
4 5 1 3 21 25 -140 0
25 0
25 0
25 0
0
21 0
0
0
1 0
3 0
3 0
3 0

0
5 0
0
0
0
4 0
4 0
4 0
21 0
21 0
0
0
0
19 20 7 17 -140 0
17 0
17 0
17 0
0
7 0
0
0
0
20 0
20 0
20 0
7 0
7 0
0
0
0
19 0
19 0
19 0

7 0
7 0
0
0
0
2 7 17 -140 0
17 0
17 0
17 0
0
0
0
0
0
7 0
7 0
7 0
7 0
7 0
7 0
7 0
0
2 0
2 0
2 0
0
0
0
0
0
19 3 7 1 -140 0
1 0
0

0
1 0
7 1 0
0
0
0
3 0
0
0
7 3 0
7 3 0
0
0
0
19 0
0
0
7 19 0
7 19 0
0
0
0
4 5 3 21 25 -140 0
25 0
0
0
25 0
21 25 0
0
0
0
3 0
0

0
3 0
5 3 0
0
0
0
4 0
0
0
21 4 0
21 4 0
0
0
0
19 20 7 17 -140 0
17 0
0
0
17 0
7 17 0
0
0
0
20 0
0
0
7 20 0
7 20 0
0
0
0
19 0
0

0
7 19 0
7 19 0
0
0
0
2 7 17 -140 0
17 0
0
0
17 0
17 0
0
0
0
7 0
7 0
7 0
7 0
7 0
7 0
7 0
0
2 0
0
0
2 0
2 0
0
0
0
4 14 20 22 1 -140 0
1 0

0
0
0
22 0
0
0
0
20 0
0
0
0
14 0
0
0
22 0
22 0
0
0
0
4 0
0
0
0
4 30 14 20 22 19 -140 0
19 0
0
0
0
22 0
0
0
0
20 0

0
0
0
14 0
0
0
0
30 0
0
0
0
4 0
0
0
0
4 14 20 22 18 -140 0
18 0
0
0
0
22 0
0
0
0
20 0
0
0
0
14 0
0
0
22 0
22 0

0
0
0
4 0
0
0
0
4 30 14 20 22 3 -140 0
3 0
0
0
0
22 0
0
0
0
20 0
0
0
0
14 0
0
0
0
30 0
0
0
0
4 0
0
0
0
4 14 20 22 26 -140 0

26 0
0
0
0
22 0
0
0
0
20 0
0
0
0
14 0
0
0
22 0
22 0
0
0
0
4 0
0
0
0
4 30 14 20 22 19 -140 0
19 0
0
0
0
22 0
0
0
0

20 0
0
0
0
14 0
0
0
0
30 0
0
0
0
4 0
0
0
0
4 14 20 22 18 -140 0
18 0
0
0
0
22 0
0
0
0
20 0
0
0
0
14 0
0
0
22 0

22 0
0
0
0
4 0
0
0
0
4 30 14 20 22 2 -140 0
2 0
0
0
0
22 0
0
0
0
20 0
0
0
0
14 0
0
0
0
30 0
0
0
0
4 0
0
0
0

4 14 20 22 2 -140 0
2 0
0
0
0
22 0
0
0
0
20 0
0
0
0
14 0
0
0
22 0
22 0
0
0
0
4 0
0
0
0
4 30 14 20 22 19 -140 0
19 0
0
0
0
22 0
0
0

0
20 0
0
0
0
14 0
0
0
0
30 0
0
0
0
4 0
0
0
0
4 14 20 22 18 -140 0
18 0
0
0
0
22 0
0
0
0
20 0
0
0
0
14 0
0
0

22 0
22 0
0
0
0
4 0
0
0
0
4 30 14 20 22 3 -140 0
3 0
0
0
0
22 0
0
0
0
20 0
0
0
0
14 0
0
0
0
30 0
0
0
0
4 0
0
0

0
4 14 20 22 26 3 2 -140 0
3 2 0
0
26 0
0
22 0
0
0
0
20 0
0
0
0
14 0
0
0
22 0
22 0
0
0
0
4 0
0
0
0
4 30 14 20 22 19 18 25 -140 0
19 18 25 0
0
0
0
22 0
0

0
0
20 0
0
0
0
14 0
0
0
0
30 0
0
0
0
4 0
0
0
0
14 20 22 4 3 18 -140 0
4 3 18 0
0
0
0
22 0
0
0
0
20 0
0
0
0
14 0
0

0
22 0
22 0
0
0
4 0
4 0
0
0
0
4 30 14 20 22 3 25 -140 0
25 0
0
3 0
0
22 0
0
0
0
20 0
0
0
25 0
14 25 0
3 0
3 0
0
30 0
0
0
0
4 0
0

0
0
28 3 14 25 -140 0
25 0
0
0
0
14 0
0
0
0
3 0
0
0
0
28 0
0
0
0
0
0
0
14 0
14 0
0
0
0
15 4 14 10 -140 0
10 0
0
0
0
14 0

0
0
0
4 0
0
0
0
15 0
0
0
0
0
0
0
14 0
14 0
0
0
0
4 3 14 26 -140 0
26 0
0
0
0
14 0
0
0
0
3 0
0
0
0
4 0

0
0
0
0
0
0
14 0
14 0
0
0
0
26 4 28 3 14 11 -140 0
11 0
0
0
0
14 0
0
0
0
3 0
0
0
0
28 0
0
0
0
4 0
0
0
0
26 0

0
0
0
28 3 14 30 25 -140 0
25 0
0
0
14 0
30 0
0
0
0
3 0
0
0
0
28 0
0
0
0
0
0
0
14 0
14 0
0
0
0
15 4 14 30 10 -140 0
10 0
0
0
14 0

30 0
0
0
0
4 0
0
0
0
15 0
0
0
0
0
0
0
14 0
14 0
0
0
0
4 3 28 14 26 -140 0
26 0
0
0
28 0
14 0
0
0
0
3 0
0
0
0

4 0
0
0
0
0
0
0
14 0
14 0
0
0
0
26 4 28 3 14 30 11 -140 0
11 0
0
0
14 0
30 0
0
0
0
3 0
0
0
0
28 0
0
0
0
4 0
0
0
0

26 0
0
0
0
3 30 25 -140 0
25 0
0
0
0
30 0
0
0
0
0
0
3 0
0
0
0
0
0
0
0
0
0
0
0
0
0
27 30 10 -140 0
10 0
0
0

0
30 0
0
0
0
0
0
27 0
0
0
0
0
0
0
0
0
0
0
0
0
0
3 29 26 -140 0
26 0
0
0
0
29 0
0
0
0
0
0
3 0

0
0
0
0
0
0
0
0
0
0
0
0
0
27 15 11 -140 0
11 0
0
0
0
15 0
0
0
0
0
0
0
0
0
0
0
0
27 0
0
0

0
0
0
0
0
3 30 25 -140 0
25 0
0
0
0
30 0
0
0
0
0
0
3 0
0
0
0
0
0
0
0
0
0
0
0
0
0
27 14 10 -140 0
10 0
0

0
0
14 0
0
0
0
0
0
27 0
0
0
0
0
0
0
0
0
0
0
0
0
0
3 29 26 -140 0
26 0
0
0
0
29 0
0
0
0
0
0

3 0
0
0
0
0
0
0
0
0
0
0
0
0
0
3 28 11 -140 0
11 0
0
0
0
28 0
0
0
0
0
0
0
0
0
0
0
0
3 0
0

0
0
0
0
0
0
14 4 3 30 25 -140 0
25 0
0
0
0
30 0
0
0
0
0
0
3 0
0
0
30 0
30 0
0
0
0
4 0
0
0
0
14 0
0
11 29 21 27 14 10 -140 0
10 0

0
0
0
14 0
0
0
0
0
0
27 0
0
0
0
21 0
0
0
0
29 0
0
0
0
11 0
0
25 4 14 3 29 26 -140 0
26 0
0
0
0
29 0
0
0
0
0

0
3 0
0
0
0
14 0
0
0
0
4 0
0
0
0
25 0
0
3 30 15 28 11 -140 0
11 0
0
0
0
28 0
0
0
0
15 0
0
0
0
30 0
0
0
0
3 0

0
0
0
0
30 0
30 0
0
14 4 3 30 25 -140 0
25 0
0
0
0
30 0
0
0
0
0
0
3 0
0
0
30 0
30 0
0
0
0
4 0
0
0
0
14 0
0
11 29 21 27 14 10 -140 0

10 0
0
0
0
14 0
0
0
0
0
0
27 0
0
0
0
21 0
0
0
0
29 0
0
0
0
11 0
0
25 4 14 3 29 26 -140 0
26 0
0
0
0
29 0
0
0
0

0
0
3 0
0
0
0
14 0
0
0
0
4 0
0
0
0
25 0
0
3 30 15 28 11 -140 0
11 0
0
0
0
28 0
0
0
0
15 0
0
0
0
30 0
0
0
0

3 0
0
0
0
0
30 0
30 0
0
14 4 3 30 25 -140 0
25 0
0
0
0
30 0
0
0
0
0
0
3 0
0
0
30 0
30 0
0
0
0
4 0
0
0
0
14 0
0

11 29 27 14 10 -140 0
10 0
0
0
0
14 0
0
0
0
0
0
27 0
0
0
14 0
14 0
0
0
0
29 0
0
0
0
11 0
0
25 4 14 3 29 26 -140 0
26 0
0
0
0
29 0
0
0

0
0
0
3 0
0
0
0
14 0
0
0
0
4 0
0
0
0
25 0
0
3 30 15 28 11 -140 0
11 0
0
0
0
28 0
0
0
0
15 0
0
0
0
30 0
0
0

0
3 0
0
0
0
0
30 0
30 0
0
14 4 3 30 25 -140 0
25 0
0
0
0
30 0
0
0
0
0
0
3 0
0
0
30 0
30 0
0
0
0
4 0
0
0
0
14 0

0
11 29 27 14 10 -140 0
10 0
0
0
0
14 0
0
0
0
0
0
27 0
0
0
14 0
14 0
0
0
0
29 0
0
0
0
11 0
0
25 4 14 3 29 26 -140 0
26 0
0
0
0
29 0
0

0
0
0
0
3 0
0
0
0
14 0
0
0
0
4 0
0
0
0
25 0
0
3 30 15 28 11 -140 0
11 0
0
0
0
28 0
0
0
0
15 0
0
0
0
30 0
0

0
0
3 0
0
0
0
0
30 0
30 0
0
