9 26 4 7 17 10 -230 0
10 0
0
0
0
0
0
0
7 0
17 0
0
0
0
4 0
0
0
9 0
26 0
0
0
0
0
0
0
0
4 26 10 -230 0
10 0
0
0
0
26 0
0
0

0
0
0
0
0
4 0
0
0
10 0
10 0
0
0
0
0
0
0
0
9 26 4 7 17 10 -230 0
10 0
0
0
0
0
0
0
7 0
17 0
0
0
0
4 0
0
0

9 0
26 0
0
0
0
0
0
0
0
4 24 12 27 10 -230 0
10 0
0
0
0
0
0
0
0
27 0
0
12 0
0
24 0
0
0
0
4 0
0
0
0
0
0
0

0
9 26 4 7 17 10 -230 0
10 0
0
0
0
0
0
0
7 0
17 0
0
0
0
4 0
0
0
9 0
26 0
0
0
0
0
0
0
0
4 26 10 -230 0
10 0
0
0
0
26 0
0

0
0
0
0
0
0
4 0
0
0
10 0
10 0
0
0
0
0
0
0
0
9 26 4 7 17 10 -230 0
10 0
0
0
0
0
0
0
7 0
17 0
0
0
0
4 0
0

0
9 0
26 0
0
0
0
0
0
0
0
4 24 12 27 10 -230 0
10 0
0
0
0
0
0
0
0
27 0
0
12 0
0
24 0
0
0
0
4 0
0
0
0
0
0

0
0
4 26 10 -230 0
10 0
0
0
0
26 0
0
0
0
0
0
0
0
4 0
0
0
10 0
10 0
0
0
0
0
0
0
0
4 24 12 27 10 -230 0
10 0
0
0
0
0

0
0
0
27 0
0
12 0
0
24 0
0
0
0
4 0
0
0
0
0
0
0
0
4 26 10 -230 0
10 0
0
0
0
26 0
0
0
0
0
0
0
0
4 0

0
0
10 0
10 0
0
0
0
0
0
0
0
4 24 12 27 10 -230 0
10 0
0
0
0
0
0
0
0
27 0
0
12 0
0
24 0
0
0
0
4 0
0
0
0
0

0
0
0
4 26 10 -230 0
10 0
0
0
0
26 0
0
0
0
0
0
0
0
4 0
0
0
10 0
10 0
0
0
0
0
0
0
0
4 24 12 27 10 -230 0
10 0
0
0
0

0
0
0
0
27 0
0
12 0
0
24 0
0
0
0
4 0
0
0
0
0
0
0
0
4 26 10 -230 0
10 0
0
0
0
26 0
0
0
0
0
0
0
0

4 0
0
0
10 0
10 0
0
0
0
0
0
0
0
4 24 12 27 10 -230 0
10 0
0
0
0
0
0
0
0
27 0
0
12 0
0
24 0
0
0
0
4 0
0
0
0

0
0
0
0
