23 -140 0
23 0
0
0
0
0
0
0
0
0
0
0
0
0
0
0
0
0
0
0
0
0
0
0
0
0
0
0
0
0
0
0
0

23 -140 0
23 0
0
0
0
0
0
0
0
0
0
0
0
0
0
0
0
0
0
0
0
0
0
0
0
0
0
0
0
0
0
0
0

23 -140 0
23 0
0
0
0
0
0
0
0
0
0
0
0
0
0
0
0
0
0
0
0
0
0
0
0
0
0
0
0
0
0
0
0

23 -140 0
23 0
0
0
0
0
0
0
0
0
0
0
0
0
0
0
0
0
0
0
0
0
0
0
0
0
0
0
0
0
0
0
0

18 10 23 -140 0
23 0
0
0
0
0
0
0
0
10 0
0
18 0
0
0
0
0
0
0
0
0
0
0
0
0
0
0
0
0
0
0
0
0
0

18 10 23 -140 0
23 0
0
0
0
0
0
0
0
10 0
0
18 0
0
0
0
0
0
0
0
0
0
0
0
0
0
0
0
0
0
0
0
0
0

18 10 23 -140 0
23 0
0
0
0
0
0
0
0
10 0
0
18 0
0
0
0
0
0
0
0
0
0
0
0
0
0
0
0
0
0
0
0
0
0

18 10 23 -140 0
23 0
0
0
0
0
0
0
0
10 0
0
18 0
0
0
0
0
0
0
0
0
0
0
0
0
0
0
0
0
0
0
0
0
0

