2 5 10 22 15 11 -70 0
11 0
0
15 0
0
22 0
0
11 0
11 0
10 11 0
11 0
0
0
0
11 0
10 0
11 10 0
22 11 10 0
22 11 10 0
5 0
22 0
0
11 10 22 0
5 0
5 11 10 0
2 0
0
0
0
0
0
0
0

5 17 10 22 11 0
15 -70 0
11 0
15 0
0
0
11 22 0
0
11 0
11 0
11 10 0
0
0
0
10 0
0
22 10 0
0
22 17 0
0
22 5 0
0
5 11 17 22 0
0
5 11 17 0
0
10 0
0
10 0
0
0
0
0

5 10 22 11 0
2 15 -70 0
11 0
0
22 0
0
22 11 0
0
22 11 0
22 11 0
22 11 10 0
0
0
15 0
11 10 0
0
22 11 10 0
11 10 0
22 11 10 0
0
22 5 0
0
5 11 10 22 0
0
5 11 10 0
2 0
0
0
0
0
0
0
0

5 10 22 11 0
2 15 -70 0
11 0
15 0
0
0
11 22 0
0
11 0
11 0
11 10 0
0
0
0
11 10 0
0
22 11 10 0
11 10 0
22 11 10 0
0
22 5 0
0
5 11 10 22 0
0
5 11 10 0
2 0
0
0
0
0
0
0
0

29 21 20 10 28 11 0
2 -70 0
11 0
0
0
0
11 0
0
28 11 0
28 11 0
28 11 10 0
0
0
0
11 10 0
0
20 11 10 0
11 10 0
21 11 10 0
0
0
0
11 10 0
0
29 11 10 0
2 29 0
29 0
0
0
0
0
0
0

29 21 20 7 10 28 12 11 0
2 -70 0
12 11 0
12 0
12 0
12 0
11 12 0
0
28 11 0
28 11 0
28 11 10 0
0
7 0
7 0
11 10 7 0
0
20 11 10 0
11 10 0
7 21 11 10 0
0
7 0
7 0
11 10 7 0
0
29 11 10 0
2 29 0
29 0
0
0
0
0
0
0

5 10 21 12 22 11 0
2 -70 0
22 11 0
22 0
22 0
22 0
11 22 0
22 0
22 12 11 0
22 11 0
22 21 11 10 0
22 0
22 0
22 0
11 10 22 0
22 0
22 11 10 0
22 11 10 0
22 11 10 0
22 0
22 0
22 0
21 11 10 22 0
22 0
2 22 21 11 10 0
22 0
22 5 0
22 0
22 0
22 0
22 0
22 0
22 0

29 21 20 7 10 28 12 11 0
2 -70 0
12 11 0
12 0
12 0
12 0
11 12 0
0
28 11 0
28 11 0
28 11 10 0
0
7 0
7 0
11 10 7 0
0
20 11 10 0
11 10 0
7 21 11 10 0
0
7 0
7 0
11 10 7 0
0
29 11 10 0
2 29 0
29 0
0
0
0
0
0
0

13 19 1 0
-70 0
1 0
0
0
0
0
0
0
0
0
0
0
0
0
0
0
0
19 0
0
0
0
0
0
0
0
13 0
0
0
0
0
0
0

20 27 25 0
-70 0
25 0
0
0
0
0
0
0
0
0
0
0
0
0
0
0
0
27 0
0
0
0
0
0
0
0
20 0
0
0
0
0
0
0

13 5 7 22 27 25 0
-70 0
25 0
0
0
0
0
0
0
0
0
0
0
0
0
0
0
0
27 0
0
0
0
0
0
0
0
22 0
0
7 0
0
5 0
0
13 0

12 13 7 22 19 1 0
-70 0
1 0
0
0
0
0
0
0
0
0
0
0
0
0
0
0
0
19 0
0
22 0
0
7 0
0
13 0
0
22 12 0
0
13 22 0
0
12 13 0
0
12 0

13 5 7 22 0
-70 0
0
0
0
0
0
0
0
0
0
0
0
0
0
0
0
0
0
0
0
0
0
0
0
0
22 0
0
7 0
0
5 0
0
13 0

0
