19 3 1 -140 0
1 0
0
0
0
0
0
0
0
3 0
0
0
0
0
0
0
0
19 0
0
0
0
0
0
0
0
4 3 25 -140 0
25 0
0
0
0
0
0
0
0
3 0
0
0
0
0
0
0
0
4 0
0
0
0
0
0
0
0
19 20 17 -140 0
17 0
0
0
0
0
0
0
0
20 0
0
0
0
0
0
0
0
19 0
0
0
0
0
0
0
0
2 30 22 7 17 -140 0
17 0
0
0
0
0
0
0
0
7 0
0
22 0
0
30 0
0
0
0
2 0
0
0
0
0
0
0
0
19 3 1 -140 0
1 0
0
0
0
0
0
0
0
3 0
0
0
0
0
0
0
0
19 0
0
0
0
0
0
0
0
4 3 25 -140 0
25 0
0
0
0
0
0
0
0
3 0
0
0
0
0
0
0
0
4 0
0
0
0
0
0
0
0
19 20 17 -140 0
17 0
0
0
0
0
0
0
0
20 0
0
0
0
0
0
0
0
19 0
0
0
0
0
0
0
0
2 30 22 7 17 -140 0
17 0
0
0
0
0
0
0
0
7 0
0
22 0
0
30 0
0
0
0
2 0
0
0
0
0
0
0
0
19 3 1 -140 0
1 0
0
0
0
0
0
0
0
3 0
0
0
0
0
0
0
0
19 0
0
0
0
0
0
0
0
4 3 25 -140 0
25 0
0
0
0
0
0
0
0
3 0
0
0
0
0
0
0
0
4 0
0
0
0
0
0
0
0
19 20 17 -140 0
17 0
0
0
0
0
0
0
0
20 0
0
0
0
0
0
0
0
19 0
0
0
0
0
0
0
0
2 30 22 7 17 -140 0
17 0
0
0
0
0
0
0
0
7 0
0
22 0
0
30 0
0
0
0
2 0
0
0
0
0
0
0
0
19 3 1 -140 0
1 0
0
0
0
0
0
0
0
3 0
0
0
0
0
0
0
0
19 0
0
0
0
0
0
0
0
4 3 25 -140 0
25 0
0
0
0
0
0
0
0
3 0
0
0
0
0
0
0
0
4 0
0
0
0
0
0
0
0
19 20 17 -140 0
17 0
0
0
0
0
0
0
0
20 0
0
0
0
0
0
0
0
19 0
0
0
0
0
0
0
0
2 30 22 7 17 -140 0
17 0
0
0
0
0
0
0
0
7 0
0
22 0
0
30 0
0
0
0
2 0
0
0
0
0
0
0
0
