4 3 2 7 -140 0
7 0
0
0
0
2 0
0
0
0
3 0
0
0
0
4 0
0
0
0
0
0
0
0
0
0
0
0
19 26 3 2 7 -140 0
7 0
0
0
0
2 0
0
0

0
3 0
0
0
0
26 0
0
0
0
19 0
0
0
0
0
0
0
0
4 3 2 7 -140 0
7 0
0
0
0
2 0
0
0
0
3 0
0
0
0
4 0
0
0

0
0
0
0
0
0
0
0
0
22 15 4 3 2 7 -140 0
7 0
0
0
0
2 0
0
0
0
3 0
0
0
0
4 0
0
0
0
15 0
0
0
0
22 0
0
0

0
4 3 2 7 -140 0
7 0
0
0
0
2 0
0
0
0
3 0
0
0
0
4 0
0
0
0
0
0
0
0
0
0
0
0
19 26 3 2 7 -140 0
7 0
0
0
0
2 0
0

0
0
3 0
0
0
0
26 0
0
0
0
19 0
0
0
0
0
0
0
0
4 3 2 7 -140 0
7 0
0
0
0
2 0
0
0
0
3 0
0
0
0
4 0
0

0
0
0
0
0
0
0
0
0
0
22 15 4 3 2 7 -140 0
7 0
0
0
0
2 0
0
0
0
3 0
0
0
0
4 0
0
0
0
15 0
0
0
0
22 0
0

0
0
2 7 22 -140 0
22 0
22 0
22 0
22 0
22 0
22 0
22 0
0
7 0
0
0
0
0
0
0
0
2 0
2 0
2 0
2 0
2 0
2 0
2 0
0
9 7 12 -140 0
12 0
12 0
12 0
12 0
12 0

12 0
12 0
0
7 0
0
0
0
0
0
0
0
9 0
9 0
9 0
9 0
9 0
9 0
9 0
0
2 7 22 -140 0
22 0
22 0
22 0
22 0
22 0
22 0
22 0
0
7 0
0
0
0
0

0
0
0
2 0
2 0
2 0
2 0
2 0
2 0
2 0
0
9 7 12 -140 0
12 0
12 0
12 0
12 0
12 0
12 0
12 0
0
7 0
0
0
0
0
0
0
0
9 0
9 0
9 0
9 0
9 0

9 0
9 0
0
2 8 22 -140 0
22 0
22 0
22 0
22 0
22 0
22 0
22 0
0
8 0
0
0
0
0
0
0
0
2 0
2 0
2 0
2 0
2 0
2 0
2 0
0
9 8 12 -140 0
12 0
12 0
12 0
12 0

12 0
12 0
12 0
0
8 0
0
0
0
0
0
0
0
9 0
9 0
9 0
9 0
9 0
9 0
9 0
0
2 8 22 -140 0
22 0
22 0
22 0
22 0
22 0
22 0
22 0
0
8 0
0
0
0

0
0
0
0
2 0
2 0
2 0
2 0
2 0
2 0
2 0
0
9 8 12 -140 0
12 0
12 0
12 0
12 0
12 0
12 0
12 0
0
8 0
0
0
0
0
0
0
0
9 0
9 0
9 0
9 0

9 0
9 0
9 0
0
2 7 22 -140 0
22 0
22 0
22 0
22 0
22 0
22 0
22 0
0
7 0
0
0
0
0
0
0
0
2 0
2 0
2 0
2 0
2 0
2 0
2 0
0
9 7 12 -140 0
12 0
12 0
12 0

12 0
12 0
12 0
12 0
0
7 0
0
0
0
0
0
0
0
9 0
9 0
9 0
9 0
9 0
9 0
9 0
0
2 7 22 -140 0
22 0
22 0
22 0
22 0
22 0
22 0
22 0
0
7 0
0
0

0
0
0
0
0
2 0
2 0
2 0
2 0
2 0
2 0
2 0
0
9 7 12 -140 0
12 0
12 0
12 0
12 0
12 0
12 0
12 0
0
7 0
0
0
0
0
0
0
0
9 0
9 0
9 0

9 0
9 0
9 0
9 0
0
2 8 22 -140 0
22 0
22 0
22 0
22 0
22 0
22 0
22 0
0
8 0
0
0
0
0
0
0
0
2 0
2 0
2 0
2 0
2 0
2 0
2 0
0
9 8 12 -140 0
12 0
12 0

12 0
12 0
12 0
12 0
12 0
0
8 0
0
0
0
0
0
0
0
9 0
9 0
9 0
9 0
9 0
9 0
9 0
0
2 8 22 -140 0
22 0
22 0
22 0
22 0
22 0
22 0
22 0
0
8 0
0

0
0
0
0
0
0
2 0
2 0
2 0
2 0
2 0
2 0
2 0
0
