28 27 17 3 -140 0
3 0
0
0
0
0
0
0
0
17 0
0
0
0
27 0
0
0
0
0
0
0
0
28 0
0
0
0
20 19 27 3 -140 0
3 0
0
0
0
0
0
0

0
27 0
0
0
0
19 0
0
0
0
0
0
0
0
20 0
0
0
0
28 27 17 3 -140 0
3 0
0
0
0
0
0
0
0
17 0
0
0
0
27 0
0
0

0
0
0
0
0
28 0
0
0
0
20 19 27 3 -140 0
3 0
0
0
0
0
0
0
0
27 0
0
0
0
19 0
0
0
0
0
0
0
0
20 0
0
0

0
28 27 17 3 -140 0
3 0
0
0
0
0
0
0
0
17 0
0
0
0
27 0
0
0
0
0
0
0
0
28 0
0
0
0
20 19 27 3 -140 0
3 0
0
0
0
0
0

0
0
27 0
0
0
0
19 0
0
0
0
0
0
0
0
20 0
0
0
0
28 27 17 3 -140 0
3 0
0
0
0
0
0
0
0
17 0
0
0
0
27 0
0

0
0
0
0
0
0
28 0
0
0
0
20 19 27 3 -140 0
3 0
0
0
0
0
0
0
0
27 0
0
0
0
19 0
0
0
0
0
0
0
0
20 0
0

0
0
7 21 27 -140 0
27 0
0
0
0
0
0
0
0
0
0
0
0
21 0
0
0
0
0
0
0
0
7 0
0
0
0
20 19 27 3 -140 0
3 0
0
0
0
0

0
0
0
27 0
0
0
0
19 0
0
0
0
0
0
0
0
20 0
0
0
0
7 21 4 -140 0
4 0
0
0
0
0
0
0
0
0
0
0
0
21 0

0
0
0
0
0
0
0
7 0
0
0
0
20 19 27 3 -140 0
3 0
0
0
0
0
0
0
0
27 0
0
0
0
19 0
0
0
0
0
0
0
0
20 0

0
0
0
7 21 27 -140 0
27 0
0
0
0
0
0
0
0
0
0
0
0
21 0
0
0
0
0
0
0
0
7 0
0
0
0
20 19 27 3 -140 0
3 0
0
0
0

0
0
0
0
27 0
0
0
0
19 0
0
0
0
0
0
0
0
20 0
0
0
0
7 21 4 -140 0
4 0
0
0
0
0
0
0
0
0
0
0
0

21 0
0
0
0
0
0
0
0
7 0
0
0
0
20 19 27 3 -140 0
3 0
0
0
0
0
0
0
0
27 0
0
0
0
19 0
0
0
0
0
0
0
0

20 0
0
0
0
28 27 17 22 3 -140 0
22 3 0
3 0
3 0
0
0
0
0
22 0
22 17 0
17 0
17 0
0
27 0
27 0
27 0
22 0
22 0
0
0
0
28 0
28 0
28 0
0
20 19 27 7 3 -140 0
7 3 0
3 0
3 0

0
0
0
0
7 0
7 27 0
27 0
27 0
0
19 0
19 0
19 0
7 0
7 0
0
0
0
20 0
20 0
20 0
0
28 27 17 22 3 -140 0
22 3 0
3 0
3 0
0
0
0
0
22 0
22 17 0
17 0
17 0

0
27 0
27 0
27 0
22 0
22 0
0
0
0
28 0
28 0
28 0
0
20 19 27 7 3 -140 0
7 3 0
3 0
3 0
0
0
0
0
7 0
7 27 0
27 0
27 0
0
19 0
19 0
19 0
7 0
7 0
0
0

0
20 0
20 0
20 0
0
28 27 17 22 3 -140 0
22 3 0
3 0
3 0
0
0
0
0
22 0
22 17 0
17 0
17 0
0
27 0
27 0
27 0
22 0
22 0
0
0
0
28 0
28 0
28 0
0
20 19 27 7 3 -140 0
7 3 0
3 0

3 0
0
0
0
0
7 0
7 27 0
27 0
27 0
0
19 0
19 0
19 0
7 0
7 0
0
0
0
20 0
20 0
20 0
0
28 27 17 22 3 -140 0
22 3 0
3 0
3 0
0
0
0
0
22 0
22 17 0
17 0

17 0
0
27 0
27 0
27 0
22 0
22 0
0
0
0
28 0
28 0
28 0
0
20 19 27 7 3 -140 0
7 3 0
3 0
3 0
0
0
0
0
7 0
7 27 0
27 0
27 0
0
19 0
19 0
19 0
7 0
7 0
0

0
0
20 0
20 0
20 0
0
28 17 18 22 27 -140 0
22 27 0
0
0
0
18 0
0
0
22 0
22 17 0
0
0
0
0
0
0
22 0
22 28 0
28 0
28 0
0
0
0
0
0
20 19 27 7 3 -140 0
7 3 0

0
0
0
0
0
0
7 0
7 27 0
0
0
0
19 0
0
0
7 0
7 0
0
0
0
20 0
20 0
20 0
0
28 17 18 22 27 -140 0
22 27 0
0
0
0
18 0
0
0
22 0
22 17 0

0
0
0
0
0
0
22 0
22 28 0
28 0
28 0
0
0
0
0
0
20 19 27 7 3 -140 0
7 3 0
0
0
0
0
0
0
7 0
7 27 0
0
0
0
19 0
0
0
7 0
7 0

0
0
0
20 0
20 0
20 0
0
28 17 18 22 27 -140 0
22 27 0
0
0
0
18 0
0
0
22 0
22 17 0
0
0
0
0
0
0
22 0
22 28 0
28 0
28 0
0
0
0
0
0
20 19 27 7 3 -140 0

7 3 0
0
0
0
0
0
0
7 0
7 27 0
0
0
0
19 0
0
0
7 0
7 0
0
0
0
20 0
20 0
20 0
0
28 17 18 22 27 -140 0
22 27 0
0
0
0
18 0
0
0
22 0

22 17 0
0
0
0
0
0
0
22 0
22 28 0
28 0
28 0
0
0
0
0
0
20 19 27 7 3 -140 0
7 3 0
0
0
0
0
0
0
7 0
7 27 0
0
0
0
19 0
0
0
7 0

7 0
0
0
0
20 0
20 0
20 0
0
28 27 17 22 3 -140 0
22 3 0
3 0
3 0
0
0
0
0
22 0
22 17 0
17 0
17 0
0
27 0
27 0
27 0
22 0
22 0
0
0
0
28 0
28 0
28 0
0

20 19 27 7 3 -140 0
7 3 0
3 0
3 0
0
0
0
0
7 0
7 27 0
27 0
27 0
0
19 0
19 0
19 0
7 0
7 0
0
0
0
20 0
20 0
20 0
0
28 27 17 22 3 -140 0
22 3 0
3 0
3 0
0
0
0
0

22 0
22 17 0
17 0
17 0
0
27 0
27 0
27 0
22 0
22 0
0
0
0
28 0
28 0
28 0
0
20 19 27 7 3 -140 0
7 3 0
3 0
3 0
0
0
0
0
7 0
7 27 0
27 0
27 0
0
19 0
19 0
19 0

7 0
7 0
0
0
0
20 0
20 0
20 0
0
30 22 7 -140 0
7 0
0
0
0
0
0
0
0
22 0
0
0
0
0
0
0
0
30 0
0
0
0
0
0
0

0
19 17 22 1 -140 0
22 1 0
0
0
0
17 0
0
0
22 0
22 19 0
0
0
0
0
0
0
22 0
22 0
0
0
0
0
0
0
0
30 22 7 -140 0
7 0
0
0
0
0
0

0
0
22 0
0
0
0
0
0
0
0
30 0
0
0
0
0
0
0
0
18 19 25 7 1 -140 0
7 1 0
0
0
0
25 0
0
0
7 0
7 19 0
0
0
0
0
0

0
7 0
7 18 0
0
0
0
0
0
0
0
19 17 22 1 -140 0
22 1 0
0
0
0
17 0
0
0
22 0
22 19 0
0
0
0
0
0
0
22 0
22 0
0
0
0
0
0

0
0
30 3 22 1 7 -140 0
7 0
0
0
0
1 0
0
0
0
22 0
0
0
0
3 0
0
0
0
30 0
0
0
0
0
0
0
0
18 19 25 7 1 -140 0
7 1 0
0
0
0
25 0

0
0
7 0
7 19 0
0
0
0
0
0
0
7 0
7 18 0
0
0
0
0
0
0
0
30 3 22 1 7 -140 0
7 0
0
0
0
1 0
0
0
0
22 0
0
0
0
3 0

0
0
0
30 0
0
0
0
0
0
0
0
19 17 22 1 -140 0
22 1 0
0
0
0
17 0
0
0
22 0
22 19 0
0
0
0
0
0
0
22 0
22 0
0
0
0
0

0
0
0
30 3 22 1 7 -140 0
7 0
0
0
0
1 0
0
0
0
22 0
0
0
0
3 0
0
0
0
30 0
0
0
0
0
0
0
0
18 19 25 7 1 -140 0
7 1 0
0
0
0

25 0
0
0
7 0
7 19 0
0
0
0
0
0
0
7 0
7 18 0
0
0
0
0
0
0
0
30 3 22 1 7 -140 0
7 0
0
0
0
1 0
0
0
0
22 0
0
0
0

3 0
0
0
0
30 0
0
0
0
0
0
0
0
