2 3 12 14 23 -70 0
23 0
0
14 0
0
12 0
23 0
23 0
23 0
0
23 0
0
0
0
0
0
23 0
0
23 0
0
12 23 0
0
12 23 0
0
0
3 0
12 0
12 0
3 23 0
0
3 23 0
0
0

2 0
0
0
0
0
0
0
0
3 16 12 14 23 -70 0
23 0
0
14 0
0
12 0
23 0
23 0
23 0
0
23 0
0
0
0
0
0
0
0
0
0
12 0
12 16 0
0
3 0
12 0

12 0
3 23 16 0
3 23 16 0
0
0
0
0
0
0
0
0
0
0
0
2 3 14 12 23 -70 0
23 0
0
12 0
0
0
12 23 0
12 23 0
12 23 0
0
12 23 0
0
0
0
0
14 0
23 0
0
23 0

0
12 23 0
0
12 23 0
0
0
3 0
12 0
12 0
3 23 0
0
3 23 0
0
0
2 0
0
0
0
0
0
0
0
2 3 12 14 23 -70 0
23 0
0
14 0
0
12 0
23 0
23 0
23 0
0
23 0

0
0
0
0
0
23 0
0
23 0
0
12 23 0
0
12 23 0
0
0
3 0
12 0
12 0
3 23 0
0
3 23 0
0
0
2 0
0
0
0
0
0
0
0
2 8 19 26 25 23 -70 0
23 0
0

0
0
0
23 0
25 23 0
25 23 0
0
25 23 0
0
0
0
0
0
23 0
0
26 23 0
0
23 0
0
19 23 0
0
0
0
0
0
23 0
0
8 23 0
0
8 0
8 2 0
0
0

0
0
0
0
0
2 8 19 26 27 25 15 23 -70 0
15 23 0
15 0
15 0
15 0
15 0
23 0
25 23 0
25 23 0
0
25 23 0
0
0
27 0
27 0
27 0
23 0
0
26 23 0
0
23 0
0
19 23 0
0
27 0
27 0
27 0
27 0

23 0
0
8 23 0
0
8 0
8 2 0
0
0
0
0
0
0
0
2 3 19 15 12 23 -70 0
12 23 0
12 0
12 0
12 0
12 0
12 23 0
12 15 23 0
12 23 0
0
12 19 23 0
0
12 0
12 0
12 0
12 0
12 23 0
0
12 23 0
0

12 23 0
0
12 23 0
0
12 0
12 0
12 0
12 0
12 19 23 0
0
12 19 23 0
0
12 2 0
12 3 0
12 0
12 0
12 0
12 0
12 0
12 0
0
2 8 19 26 27 25 15 23 -70 0
15 23 0
15 0
15 0
15 0
15 0
23 0
25 23 0
25 23 0
0
25 23 0
0

0
27 0
27 0
27 0
23 0
0
26 23 0
0
23 0
0
19 23 0
0
27 0
27 0
27 0
27 0
23 0
0
8 23 0
0
8 0
8 2 0
0
0
0
0
0
0
0
6 10 -70 0
10 0
0
0

0
0
0
0
0
0
0
0
0
0
0
0
0
6 0
0
0
0
0
0
0
0
0
0
0
0
0
0
0
0
0
0
26 20 7 -70 0
7 0

0
0
0
0
0
0
0
0
0
0
0
0
0
0
0
20 0
0
0
0
0
0
0
0
26 0
0
0
0
0
0
0
0
3 27 12 20 7 -70 0
7 0

0
0
0
0
0
0
0
0
0
0
0
0
0
0
0
20 0
0
0
0
0
0
0
0
12 0
0
27 0
0
3 0
0
0
0
0
0

15 27 12 6 10 -70 0
10 0
0
0
0
0
0
0
0
0
0
0
0
0
0
0
0
6 0
0
12 0
0
27 0
0
0
0
0
0
15 0
12 0
12 0
0
0
0

0
15 0
15 0
0
3 27 12 -70 0
0
0
0
0
0
0
0
0
0
0
0
0
0
0
0
0
0
0
0
0
0
0
0
0
12 0
0
27 0
0

3 0
0
0
0
0
0
