7 30 22 5 -240 0
5 0
5 0
5 0
5 0
5 0
5 0
5 0
0
22 0
22 0
22 0
22 0
22 0
22 0
22 0
0
30 0
30 0
30 0
30 0
30 0
30 0
30 0
0
7 0
7 0
7 0
7 0
7 0
7 0
7 0
0

7 30 22 5 -240 0
5 0
5 0
5 0
5 0
5 0
5 0
5 0
0
22 0
22 0
22 0
22 0
22 0
22 0
22 0
0
30 0
30 0
30 0
30 0
30 0
30 0
30 0
0
7 0
7 0
7 0
7 0
7 0
7 0
7 0
0

7 30 22 5 -240 0
5 0
5 0
5 0
5 0
5 0
5 0
5 0
0
22 0
22 0
22 0
22 0
22 0
22 0
22 0
0
30 0
30 0
30 0
30 0
30 0
30 0
30 0
0
7 0
7 0
7 0
7 0
7 0
7 0
7 0
0

7 30 22 5 -240 0
5 0
5 0
5 0
5 0
5 0
5 0
5 0
0
22 0
22 0
22 0
22 0
22 0
22 0
22 0
0
30 0
30 0
30 0
30 0
30 0
30 0
30 0
0
7 0
7 0
7 0
7 0
7 0
7 0
7 0
0

7 30 22 5 17 -240 0
5 17 0
5 0
5 0
5 0
5 0
5 0
5 0
0
22 0
22 0
22 0
22 0
22 0
22 0
22 0
0
30 0
30 0
30 0
30 0
30 0
30 0
30 0
0
7 0
7 0
7 0
7 0
7 0
7 0
7 0
0

7 30 22 5 -240 0
5 0
5 0
5 0
5 0
5 0
5 0
5 0
0
22 0
22 0
22 0
22 0
22 0
22 0
22 0
0
30 0
30 0
30 0
30 0
30 0
30 0
30 0
0
7 0
7 0
7 0
7 0
7 0
7 0
7 0
0

7 30 22 5 1 -240 0
5 1 0
5 0
5 0
5 0
5 0
5 0
5 0
0
22 0
22 0
22 0
22 0
22 0
22 0
22 0
0
30 0
30 0
30 0
30 0
30 0
30 0
30 0
0
7 0
7 0
7 0
7 0
7 0
7 0
7 0
0

7 30 22 5 -240 0
5 0
5 0
5 0
5 0
5 0
5 0
5 0
0
22 0
22 0
22 0
22 0
22 0
22 0
22 0
0
30 0
30 0
30 0
30 0
30 0
30 0
30 0
0
7 0
7 0
7 0
7 0
7 0
7 0
7 0
0

7 30 22 5 17 -240 0
5 17 0
5 0
5 0
5 0
5 0
5 0
5 0
0
22 0
22 0
22 0
22 0
22 0
22 0
22 0
0
30 0
30 0
30 0
30 0
30 0
30 0
30 0
0
7 0
7 0
7 0
7 0
7 0
7 0
7 0
0

7 30 22 5 2 -240 0
5 2 0
5 0
5 0
5 0
5 0
5 0
5 0
0
22 0
22 0
22 0
22 0
22 0
22 0
22 0
0
30 0
30 0
30 0
30 0
30 0
30 0
30 0
0
7 0
7 0
7 0
7 0
7 0
7 0
7 0
0

7 30 22 5 1 -240 0
5 1 0
5 0
5 0
5 0
5 0
5 0
5 0
0
22 0
22 0
22 0
22 0
22 0
22 0
22 0
0
30 0
30 0
30 0
30 0
30 0
30 0
30 0
0
7 0
7 0
7 0
7 0
7 0
7 0
7 0
0

7 30 22 5 -240 0
5 0
5 0
5 0
5 0
5 0
5 0
5 0
0
22 0
22 0
22 0
22 0
22 0
22 0
22 0
0
30 0
30 0
30 0
30 0
30 0
30 0
30 0
0
7 0
7 0
7 0
7 0
7 0
7 0
7 0
0

18 25 1 -240 0
1 0
0
0
0
0
0
0
0
25 0
0
0
0
0
0
0
0
18 0
0
0
0
0
0
0
25 0
25 0
0
0
0
0
0
0
0

20 18 7 25 29 5 1 -240 0
5 1 0
0
0
0
0
0
0
25 0
29 0
0
0
0
0
0
0
18 0
7 0
0
0
0
0
0
0
25 0
20 25 0
0
0
0
0
0
0
0

20 18 7 25 29 5 1 -240 0
5 1 0
0
0
5 0
5 0
0
0
25 0
29 0
0
0
29 0
29 0
0
0
18 0
7 0
0
0
7 0
7 0
0
0
25 0
20 25 0
0
0
20 0
20 0
0
0
0

20 18 7 25 29 5 1 -240 0
5 1 0
5 0
5 0
5 0
5 0
5 0
5 0
25 0
29 0
29 0
29 0
29 0
29 0
29 0
29 0
18 0
7 0
7 0
7 0
7 0
7 0
7 0
7 0
25 0
20 25 0
20 0
20 0
20 0
20 0
20 0
20 0
0

18 19 3 -240 0
3 0
0
0
0
0
0
0
0
19 0
0
0
0
0
0
0
0
18 0
0
0
0
0
0
0
19 0
19 0
0
0
0
0
0
0
0

5 18 21 19 29 7 3 -240 0
7 3 0
0
0
0
0
0
0
19 0
29 0
0
0
0
0
0
0
18 0
21 0
0
0
0
0
0
0
19 0
5 19 0
0
0
0
0
0
0
0

5 18 21 19 29 7 3 -240 0
7 3 0
0
0
7 0
7 0
0
0
19 0
29 0
0
0
29 0
29 0
0
0
18 0
21 0
0
0
21 0
21 0
0
0
19 0
5 19 0
0
0
5 0
5 0
0
0
0

5 18 21 19 29 7 3 -240 0
7 3 0
7 0
7 0
7 0
7 0
7 0
7 0
19 0
29 0
29 0
29 0
29 0
29 0
29 0
29 0
18 0
21 0
21 0
21 0
21 0
21 0
21 0
21 0
19 0
5 19 0
5 0
5 0
5 0
5 0
5 0
5 0
0

