25 20 16 4 -140 0
4 0
0
0
0
0
0
0
0
16 0
0
0
0
20 0
0
0
0
0
0
0
0
25 0
0
0
0
26 6 20 4 -140 0
4 0
0
0
0
0
0
0

0
20 0
0
0
0
6 0
0
0
0
0
0
0
0
26 0
0
0
0
25 20 16 4 -140 0
4 0
0
0
0
0
0
0
0
16 0
0
0
0
20 0
0
0

0
0
0
0
0
25 0
0
0
0
26 6 20 4 -140 0
4 0
0
0
0
0
0
0
0
20 0
0
0
0
6 0
0
0
0
0
0
0
0
26 0
0
0

0
25 20 16 4 -140 0
4 0
0
0
0
0
0
0
0
16 0
0
0
0
20 0
0
0
0
0
0
0
0
25 0
0
0
0
26 6 20 4 -140 0
4 0
0
0
0
0
0

0
0
20 0
0
0
0
6 0
0
0
0
0
0
0
0
26 0
0
0
0
25 20 16 4 -140 0
4 0
0
0
0
0
0
0
0
16 0
0
0
0
20 0
0

0
0
0
0
0
0
25 0
0
0
0
26 6 20 4 -140 0
4 0
0
0
0
0
0
0
0
20 0
0
0
0
6 0
0
0
0
0
0
0
0
26 0
0

0
0
27 19 20 -140 0
20 0
0
0
0
0
0
0
0
0
0
0
0
19 0
0
0
0
0
0
0
0
27 0
0
0
0
26 6 20 4 -140 0
4 0
0
0
0
0

0
0
0
20 0
0
0
0
6 0
0
0
0
0
0
0
0
26 0
0
0
0
27 19 22 -140 0
22 0
0
0
0
0
0
0
0
0
0
0
0
19 0

0
0
0
0
0
0
0
27 0
0
0
0
26 6 20 4 -140 0
4 0
0
0
0
0
0
0
0
20 0
0
0
0
6 0
0
0
0
0
0
0
0
26 0

0
0
0
27 19 20 -140 0
20 0
0
0
0
0
0
0
0
0
0
0
0
19 0
0
0
0
0
0
0
0
27 0
0
0
0
26 6 20 4 -140 0
4 0
0
0
0

0
0
0
0
20 0
0
0
0
6 0
0
0
0
0
0
0
0
26 0
0
0
0
27 19 22 -140 0
22 0
0
0
0
0
0
0
0
0
0
0
0

19 0
0
0
0
0
0
0
0
27 0
0
0
0
26 6 20 4 -140 0
4 0
0
0
0
0
0
0
0
20 0
0
0
0
6 0
0
0
0
0
0
0
0

26 0
0
0
0
25 20 16 12 4 -140 0
12 4 0
4 0
4 0
0
0
0
0
12 0
12 16 0
16 0
16 0
0
20 0
20 0
20 0
12 0
12 0
0
0
0
25 0
25 0
25 0
0
26 6 20 27 4 -140 0
27 4 0
4 0
4 0

0
0
0
0
27 0
27 20 0
20 0
20 0
0
6 0
6 0
6 0
27 0
27 0
0
0
0
26 0
26 0
26 0
0
25 20 16 12 4 -140 0
12 4 0
4 0
4 0
0
0
0
0
12 0
12 16 0
16 0
16 0

0
20 0
20 0
20 0
12 0
12 0
0
0
0
25 0
25 0
25 0
0
26 6 20 27 4 -140 0
27 4 0
4 0
4 0
0
0
0
0
27 0
27 20 0
20 0
20 0
0
6 0
6 0
6 0
27 0
27 0
0
0

0
26 0
26 0
26 0
0
25 20 16 12 4 -140 0
12 4 0
4 0
4 0
0
0
0
0
12 0
12 16 0
16 0
16 0
0
20 0
20 0
20 0
12 0
12 0
0
0
0
25 0
25 0
25 0
0
26 6 20 27 4 -140 0
27 4 0
4 0

4 0
0
0
0
0
27 0
27 20 0
20 0
20 0
0
6 0
6 0
6 0
27 0
27 0
0
0
0
26 0
26 0
26 0
0
25 20 16 12 4 -140 0
12 4 0
4 0
4 0
0
0
0
0
12 0
12 16 0
16 0

16 0
0
20 0
20 0
20 0
12 0
12 0
0
0
0
25 0
25 0
25 0
0
26 6 20 27 4 -140 0
27 4 0
4 0
4 0
0
0
0
0
27 0
27 20 0
20 0
20 0
0
6 0
6 0
6 0
27 0
27 0
0

0
0
26 0
26 0
26 0
0
25 16 13 12 20 -140 0
12 20 0
0
0
0
13 0
0
0
12 0
12 16 0
0
0
0
0
0
0
12 0
12 25 0
25 0
25 0
0
0
0
0
0
26 6 20 27 4 -140 0
27 4 0

0
0
0
0
0
0
27 0
27 20 0
0
0
0
6 0
0
0
27 0
27 0
0
0
0
26 0
26 0
26 0
0
25 16 13 12 20 -140 0
12 20 0
0
0
0
13 0
0
0
12 0
12 16 0

0
0
0
0
0
0
12 0
12 25 0
25 0
25 0
0
0
0
0
0
26 6 20 27 4 -140 0
27 4 0
0
0
0
0
0
0
27 0
27 20 0
0
0
0
6 0
0
0
27 0
27 0

0
0
0
26 0
26 0
26 0
0
25 16 13 12 20 -140 0
12 20 0
0
0
0
13 0
0
0
12 0
12 16 0
0
0
0
0
0
0
12 0
12 25 0
25 0
25 0
0
0
0
0
0
26 6 20 27 4 -140 0

27 4 0
0
0
0
0
0
0
27 0
27 20 0
0
0
0
6 0
0
0
27 0
27 0
0
0
0
26 0
26 0
26 0
0
25 16 13 12 20 -140 0
12 20 0
0
0
0
13 0
0
0
12 0

12 16 0
0
0
0
0
0
0
12 0
12 25 0
25 0
25 0
0
0
0
0
0
26 6 20 27 4 -140 0
27 4 0
0
0
0
0
0
0
27 0
27 20 0
0
0
0
6 0
0
0
27 0

27 0
0
0
0
26 0
26 0
26 0
0
25 20 16 12 4 -140 0
12 4 0
4 0
4 0
0
0
0
0
12 0
12 16 0
16 0
16 0
0
20 0
20 0
20 0
12 0
12 0
0
0
0
25 0
25 0
25 0
0

26 6 20 27 4 -140 0
27 4 0
4 0
4 0
0
0
0
0
27 0
27 20 0
20 0
20 0
0
6 0
6 0
6 0
27 0
27 0
0
0
0
26 0
26 0
26 0
0
25 20 16 12 4 -140 0
12 4 0
4 0
4 0
0
0
0
0

12 0
12 16 0
16 0
16 0
0
20 0
20 0
20 0
12 0
12 0
0
0
0
25 0
25 0
25 0
0
26 6 20 27 4 -140 0
27 4 0
4 0
4 0
0
0
0
0
27 0
27 20 0
20 0
20 0
0
6 0
6 0
6 0

27 0
27 0
0
0
0
26 0
26 0
26 0
0
24 12 27 -140 0
27 0
0
0
0
0
0
0
0
12 0
0
0
0
0
0
0
0
24 0
0
0
0
0
0
0

0
6 16 12 10 -140 0
12 10 0
0
0
0
16 0
0
0
12 0
12 6 0
0
0
0
0
0
0
12 0
12 0
0
0
0
0
0
0
0
24 12 27 -140 0
27 0
0
0
0
0
0

0
0
12 0
0
0
0
0
0
0
0
24 0
0
0
0
0
0
0
0
13 6 7 27 10 -140 0
27 10 0
0
0
0
7 0
0
0
27 0
27 6 0
0
0
0
0
0

0
27 0
27 13 0
0
0
0
0
0
0
0
6 16 12 10 -140 0
12 10 0
0
0
0
16 0
0
0
12 0
12 6 0
0
0
0
0
0
0
12 0
12 0
0
0
0
0
0

0
0
24 4 12 10 27 -140 0
27 0
0
0
0
10 0
0
0
0
12 0
0
0
0
4 0
0
0
0
24 0
0
0
0
0
0
0
0
13 6 7 27 10 -140 0
27 10 0
0
0
0
7 0

0
0
27 0
27 6 0
0
0
0
0
0
0
27 0
27 13 0
0
0
0
0
0
0
0
24 4 12 10 27 -140 0
27 0
0
0
0
10 0
0
0
0
12 0
0
0
0
4 0

0
0
0
24 0
0
0
0
0
0
0
0
6 16 12 10 -140 0
12 10 0
0
0
0
16 0
0
0
12 0
12 6 0
0
0
0
0
0
0
12 0
12 0
0
0
0
0

0
0
0
24 4 12 10 27 -140 0
27 0
0
0
0
10 0
0
0
0
12 0
0
0
0
4 0
0
0
0
24 0
0
0
0
0
0
0
0
13 6 7 27 10 -140 0
27 10 0
0
0
0

7 0
0
0
27 0
27 6 0
0
0
0
0
0
0
27 0
27 13 0
0
0
0
0
0
0
0
24 4 12 10 27 -140 0
27 0
0
0
0
10 0
0
0
0
12 0
0
0
0

4 0
0
0
0
24 0
0
0
0
0
0
0
0
