25 26 29 15 3 10 -100 0
10 0
0
0
0
3 0
0
0
0
15 0
0
29 0
0
0
0
0
10 0
10 0
0
0
0
26 0
0
0
15 0
15 0
0
0
0
0
0
0
10 0

10 0
0
25 0
10 0
10 0
0
0
0
25 26 29 15 3 10 -100 0
10 0
0
0
0
3 0
0
0
0
15 0
0
29 0
0
0
0
0
10 0
10 0
0
0
0
26 0
0
0
15 0

15 0
0
0
0
0
0
0
10 0
10 0
0
25 0
10 0
10 0
0
0
0
25 26 29 15 3 10 -100 0
10 0
0
0
0
3 0
0
0
0
15 0
0
29 0
0
0
0
0
10 0

10 0
0
0
0
26 0
0
0
15 0
15 0
0
0
0
0
0
0
10 0
10 0
0
25 0
10 0
10 0
0
0
0
25 26 29 15 3 10 -100 0
10 0
0
0
0
3 0
0
0
0

15 0
0
29 0
0
0
0
0
10 0
10 0
0
0
0
26 0
0
0
15 0
15 0
0
0
0
0
0
0
10 0
10 0
0
25 0
10 0
10 0
0
0
0
